datasets-train_val_split: 0.9088319088319089
datasets-train_val_split: 0.9601139601139601
